[array([[ 0.19368182, -0.39495251,  0.36965787, ...,  0.21956609,
         0.39656529,  0.15895532],
       [ 0.17186305, -0.39335775, -0.00052574, ..., -0.03040055,
         0.198965  , -0.05937193],
       [-0.16375859, -0.46663031,  0.23583306, ..., -0.34189111,
        -0.13066234, -0.140049  ],
       ..., 
       [ 0.16009428,  0.02639918, -0.30691969, ..., -0.38413405,
        -0.21941161, -0.32147786],
       [ 0.0705617 ,  0.22454615, -0.38814053, ...,  0.14778677,
        -0.06932671,  0.20657103],
       [-0.12479357, -0.2402194 , -0.17792673, ...,  0.1875847 ,
        -0.01272727,  0.00212301]], dtype=float32), array([-0.07270356,  0.18545498, -0.09546082,  0.03392298, -0.00459049,
       -0.08432007,  0.07416006,  0.05262752, -0.06475106,  0.05371121,
       -0.05740118, -0.06743468], dtype=float32), array([[-0.17863213,  0.08393588,  0.32023713, ...,  0.13495228,
         0.1654201 , -0.16487367],
       [ 0.04250397, -0.56456167, -0.80594957, ..., -0.20289637,
        -0.37377968, -0.01109333],
       [-0.2768054 ,  0.51329726, -0.27288142, ...,  0.62638289,
         0.53123319,  0.33124059],
       ..., 
       [ 0.09464782, -0.21607967,  0.19935457, ...,  0.04373721,
         0.08872155,  0.04589585],
       [ 0.05000884,  0.26755932, -0.55369949, ..., -0.02960141,
         0.26251626,  0.22959334],
       [ 0.29772249,  0.01962126,  0.10101688, ..., -0.1983811 ,
        -0.10006693, -0.08740529]], dtype=float32), array([ 0.08769534, -0.1840484 , -0.01060659, -0.12673022, -0.04426682,
       -0.01887527, -0.08079004, -0.07261487, -0.06690585, -0.07839153,
       -0.14156754, -0.14041249, -0.05045284, -0.14663604, -0.11239085,
       -0.09554002, -0.2293337 , -0.04739415,  0.05619108, -0.11798965,
       -0.09686589, -0.14473309, -0.02522201, -0.08635131,  0.03434125,
       -0.05321526, -0.06334842, -0.14524223, -0.04406963, -0.15778005,
       -0.06385367, -0.12769353, -0.19482702, -0.17812856, -0.30857703,
       -0.01627708,  0.16500056, -0.04829807, -0.04659565, -0.07367296,
       -0.07081914, -0.14801008, -0.10608215, -0.03360571, -0.11828396,
        0.10373381, -0.07757122,  0.05580597, -0.06686461, -0.14826149,
       -0.1195454 , -0.05188478, -0.35766086,  0.03831498, -0.02813158,
       -0.131925  , -0.07863796, -0.09577142, -0.07998467, -0.20407408,
        0.08182477, -0.04601204, -0.24934839, -0.13302292, -0.06793121,
       -0.15579431, -0.03972245,  0.16284493,  0.16868182, -0.18116333,
       -0.08841777, -0.2151012 , -0.14926217, -0.16789119, -0.09315776,
       -0.0907473 , -0.00217189,  0.16682194,  0.06107306, -0.05733217,
       -0.08805892, -0.16538091,  0.09416887,  0.03947859, -0.08153947,
       -0.05860279, -0.09385595, -0.10669567, -0.09252191, -0.10537451,
       -0.21648791, -0.01502132, -0.05534669, -0.10248731,  0.05211144,
       -0.14813703, -0.0250346 ,  0.0634302 ,  0.15479791, -0.18959397,
       -0.00841124, -0.175061  , -0.10307711, -0.13593617, -0.05712582,
       -0.09752887, -0.05949619,  0.0266948 , -0.11852178, -0.20742005,
       -0.11551788, -0.06987505, -0.05529836,  0.12239252,  0.11048087,
       -0.15029675, -0.00346429, -0.04073668, -0.13332587, -0.17742543,
       -0.13664669,  0.222697  ,  0.00929708, -0.22399288, -0.17032498,
        0.13060461, -0.12265411, -0.11462855, -0.12617439, -0.1545926 ,
       -0.09311058, -0.14006387, -0.16404332, -0.10101951,  0.09655925,
       -0.06102756,  0.0090246 ,  0.20918339,  0.01839575,  0.04704131,
        0.27798891,  0.22519703,  0.22205834, -0.05306457, -0.1779585 ,
       -0.13698782, -0.23970568, -0.22551949, -0.04140686,  0.09216212,
       -0.04648659, -0.13279794, -0.20704475, -0.01906756, -0.21409142,
       -0.08683788, -0.29225636, -0.03428795,  0.01442148, -0.09121752,
       -0.13892964,  0.06410026, -0.12653534, -0.14039762, -0.15643471,
       -0.14316666, -0.15009393, -0.01486921, -0.1251007 , -0.06111025,
       -0.07739092], dtype=float32), array([[-1.15279734, -0.07561608, -0.37460548, ..., -0.39721406,
        -0.42253947, -0.41486228],
       [ 0.09999101, -0.24897531, -0.0670519 , ..., -0.09882706,
        -0.10039426, -0.08880279],
       [-0.21229182, -0.14800374, -0.53214246, ..., -0.62314272,
        -0.575656  , -0.57562935],
       ..., 
       [ 0.23823075, -0.29844233, -0.10543837, ..., -0.15730394,
        -0.08533341, -0.12015271],
       [ 0.15662888, -0.62587333, -0.1134    , ..., -0.09104446,
        -0.08111209, -0.12649626],
       [-0.02165989,  0.35104722, -0.18270783, ..., -0.18768856,
        -0.18952627, -0.17881942]], dtype=float32), array([ -3.59782010e-01,  -9.52684209e-02,  -2.28107452e-01,
         9.34974328e-02,  -1.16275169e-01,  -2.24059790e-01,
        -2.17115730e-01,  -2.24579766e-01,  -2.19745889e-01,
        -2.19330534e-01,  -8.79814625e-02,  -1.32299647e-01,
        -1.30377933e-01,  -2.28520259e-01,  -2.25889906e-01,
         1.97309032e-02,   9.19317156e-02,  -2.16645256e-01,
        -2.08851621e-01,  -2.24057391e-01,  -1.27485096e-01,
        -1.26916111e-01,  -2.11662710e-01,  -2.23848179e-01,
        -2.07154050e-01,  -1.93078294e-01,  -2.26212695e-01,
        -2.17740789e-01,  -2.24800229e-01,  -2.25790754e-01,
        -1.70072779e-01,  -2.25483134e-01,  -2.20566496e-01,
        -1.48355678e-01,  -2.15178192e-01,  -8.03552717e-02,
         1.04245357e-01,  -2.26396099e-01,   1.56133836e-02,
        -2.24877611e-01,  -1.07214116e-01,  -1.25001833e-01,
        -1.40174046e-01,  -9.73037258e-02,   2.88147642e-03,
        -2.02887356e-01,   9.72030908e-02,  -1.35684878e-01,
         1.08000403e-02,  -2.36046270e-01,  -2.71139294e-01,
        -2.25262448e-01,  -3.11952978e-01,  -2.15388313e-01,
         4.78930771e-02,  -2.17168421e-01,  -2.15307027e-01,
        -1.74891263e-01,  -2.19131649e-01,  -2.23165050e-01,
        -1.55749157e-01,  -1.80222064e-01,  -2.24375337e-01,
        -2.19080597e-01,  -2.04864562e-01,  -2.19663993e-01,
        -7.78682297e-03,   8.82655680e-02,  -2.24362224e-01,
        -2.31440544e-01,  -9.82451662e-02,  -2.26209879e-01,
        -8.04432184e-02,  -2.33177647e-01,  -2.16140240e-01,
        -2.31252089e-01,  -2.24978432e-01,  -2.24553615e-01,
        -2.16851518e-01,  -2.28070319e-01,  -1.03760071e-01,
        -2.17076644e-01,  -1.69082686e-01,  -2.31108397e-01,
        -2.17293397e-01,  -2.21330360e-01,  -2.21932873e-01,
        -2.32752889e-01,  -2.19701767e-01,  -2.26199880e-01,
        -2.27948368e-01,  -2.10719749e-01,  -2.27909043e-01,
        -2.24599779e-01,  -2.22516105e-01,  -2.32207045e-01,
        -2.21450239e-01,  -2.22326443e-01,  -2.35410467e-01,
        -2.13757232e-01,  -1.35293573e-01,   3.30393873e-02,
        -7.34591708e-02,   1.74749494e-01,  -2.28488445e-01,
         7.59215802e-02,  -1.83071479e-01,  -2.22318381e-01,
        -7.58812875e-02,  -2.23999158e-01,  -7.50881210e-02,
         7.50979185e-02,  -2.30078965e-01,  -8.31709430e-02,
        -2.22563371e-01,  -2.19860256e-01,  -2.09517315e-01,
        -2.13868558e-01,  -2.11532414e-01,  -2.32482404e-01,
        -1.84669375e-01,  -2.20030352e-01,  -1.93344221e-01,
        -2.24227324e-01,  -8.69942904e-02,  -2.19325095e-01,
        -2.19902486e-01,  -2.15784058e-01,  -2.21461639e-01,
        -2.18358144e-01,  -2.16825470e-01,  -2.20990673e-01,
         1.17488943e-01,  -1.83030188e-01,  -2.12911010e-01,
        -2.29926765e-01,  -1.86855167e-01,  -2.25287393e-01,
        -2.32977062e-01,  -2.28289679e-01,  -2.17801258e-01,
        -2.40996569e-01,  -1.00307912e-01,   1.42107859e-01,
        -1.71699107e-01,  -6.76871389e-02,  -2.13815778e-01,
        -2.13761985e-01,  -2.19783098e-01,  -2.20564008e-01,
        -2.84956247e-01,  -1.71824563e-02,  -2.20415160e-01,
        -2.28159770e-01,  -2.39075378e-01,  -2.32508302e-01,
         2.74516400e-02,  -2.27784708e-01,  -2.18873620e-01,
        -2.23786652e-01,   9.01581869e-02,   6.57206029e-02,
        -9.21101645e-02,  -3.87907863e-01,  -2.09639251e-01,
        -7.16662034e-02,  -2.29384571e-01,  -6.51563704e-02,
        -2.12693259e-01,  -2.14732468e-01,   3.16816680e-02,
        -2.14922383e-01,  -1.06282122e-01,  -3.88790155e-03,
        -1.31330326e-01,  -7.48932511e-02,  -2.10816875e-01,
        -2.21652910e-01,  -2.27486417e-01,  -2.22361699e-01,
        -2.18955904e-01,  -1.94301113e-01,  -2.33170316e-01,
         4.36539680e-01,  -2.29580879e-01,  -2.20697403e-01,
        -2.18505830e-01,  -2.25227281e-01,  -2.25847840e-01,
        -2.20674753e-01,  -2.28057623e-01,  -2.29468971e-01,
        -2.27049693e-01,  -2.42980286e-01,  -2.14272335e-01,
        -2.15094626e-01,  -2.21316293e-01,  -2.21740305e-01,
        -2.21877366e-01,  -2.18413457e-01,  -2.13110428e-02,
        -2.18708739e-01,  -1.08401500e-01,  -1.02874838e-01,
        -9.10632610e-02,   8.27068239e-02,  -1.26407221e-01,
        -2.26886362e-01,   2.31032837e-02,  -2.19070613e-01,
        -4.45782905e-03,   7.89107233e-02,  -2.98184067e-01,
        -2.21527681e-01,  -2.19361529e-01,   3.15718502e-01,
         1.23080879e-01,   1.29614264e-01,  -2.32335463e-01,
        -2.30011374e-01,  -1.97727934e-01,  -2.16150329e-01,
        -9.10285935e-02,   1.75038427e-02,  -2.34757841e-01,
        -2.20180616e-01,  -2.25012004e-01,  -2.24818468e-01,
        -2.20641315e-01,  -2.20714912e-01,  -7.20871985e-02,
        -2.22047478e-01,  -2.21127808e-01,   1.06591500e-01,
        -2.28483617e-01,  -2.85478115e-01,  -2.19847381e-01,
        -2.20700189e-01,  -2.26808071e-01,  -2.24858969e-01,
        -2.32954443e-01,  -2.22917333e-01,  -2.23110303e-01,
         1.22974850e-01,  -1.66941469e-03,  -2.18867168e-01,
        -2.26823106e-01,  -9.94344875e-02,  -2.16916233e-01,
        -2.16863304e-01,   4.14178781e-02,  -5.74389771e-02,
         9.35130492e-02,   7.06241652e-02,  -2.26107523e-01,
        -9.75159332e-02,   1.07523076e-01,  -2.36003026e-01,
        -2.25034699e-01,  -2.22673252e-01,  -1.81257546e-01,
        -2.30934039e-01,  -1.52972594e-01,  -1.20617233e-01,
         4.07948010e-02,  -1.49288569e-02,  -2.18543753e-01,
        -2.29471609e-01,  -2.31457025e-01,  -2.27912068e-01,
        -2.18147323e-01,  -2.22756043e-02,  -2.30987683e-01,
        -6.15629647e-03,  -2.26134405e-01,  -2.35321805e-01,
        -2.23052487e-01,  -1.27365455e-01,  -2.25910529e-01,
        -2.35836595e-01,  -2.31231555e-01,  -2.33273447e-01,
        -2.17861131e-01,  -2.29705095e-01,  -2.27296293e-01,
        -2.21367359e-01,  -2.27580354e-01,  -2.20711976e-01,
        -2.29725257e-01,  -2.14848056e-01,  -2.35126659e-01,
        -2.22644493e-01,  -2.30599210e-01,  -2.21089587e-01,
        -2.23572239e-01,  -2.29005888e-01,  -2.32790843e-01,
        -2.26105765e-01,  -2.18743682e-01,  -2.15576753e-01,
        -1.21607296e-01,  -2.27871343e-01,  -2.18289703e-01,
        -3.23156357e-01,  -2.19616920e-01,  -8.27080682e-02,
        -2.27381572e-01,  -2.21085340e-01,  -2.20598742e-01,
        -2.21782103e-01,  -1.62743181e-01,   4.37936708e-02,
        -1.03957504e-01,  -1.54774889e-01,  -3.41172814e-02,
         5.34822531e-02,   1.14306351e-02,  -2.26906985e-01,
        -2.27267578e-01,  -2.22540125e-01,   2.33263685e-03,
        -2.19795302e-01,  -2.25692853e-01,  -2.11417034e-01,
        -1.88167274e-01,   4.90122586e-02,  -2.07610298e-02,
        -2.12410375e-01,  -2.16002956e-01,  -2.30997160e-01,
        -2.29143143e-01,  -2.19754547e-01,  -2.28011101e-01,
         3.03884540e-02,  -2.31439739e-01,  -1.21774107e-01,
        -5.16317710e-02,  -2.21520171e-01,  -2.19624579e-01,
        -2.17233092e-01,  -1.17150143e-01,  -5.16418144e-02,
        -2.27148816e-01,  -2.08296314e-01,  -2.15604976e-01,
        -2.12334991e-01,  -2.31879830e-01,  -1.90983847e-01,
        -2.27632731e-01,  -2.31641650e-01,   1.05469339e-01,
        -9.28171799e-02,  -6.66910782e-02,  -2.29871318e-01,
        -2.16037169e-01,  -3.23883328e-03,  -2.29848459e-01,
        -2.28177816e-01,  -2.31074229e-01,  -2.24372506e-01,
        -2.59925246e-01,  -1.43913195e-01,  -1.55002162e-01,
        -2.09656984e-01,   1.24432310e-01,  -2.42310494e-01,
        -1.31778196e-01,  -2.25562334e-01,  -2.24860430e-01,
        -2.34215647e-01,   2.37957109e-02,  -2.25943044e-01,
        -1.28332817e-03,  -2.14868069e-01,  -1.13759123e-01,
        -2.20814764e-01,  -2.17927411e-01,  -2.11966962e-01,
        -2.34699100e-01,  -2.25444183e-01,  -2.19606116e-01,
        -2.27274761e-01,  -2.12746084e-01,  -2.22808346e-01,
        -2.14819655e-01,  -2.12791950e-01,  -2.32534543e-01,
        -2.31688485e-01,  -2.21554011e-01,  -2.15031162e-01,
        -2.28086501e-01,  -2.25045860e-01,  -2.31774017e-01,
        -2.27813423e-01,  -2.26505384e-01,  -2.16142356e-01,
        -2.17994705e-01,  -2.16945127e-01,  -2.33430043e-01,
        -2.25676358e-01,   1.04141176e-01,  -2.20594510e-01,
         8.88568163e-02,  -2.14511260e-01,  -1.35274380e-01,
        -2.19331965e-01,  -7.69258589e-02,  -1.46748617e-01,
         7.47017935e-02,  -2.24143684e-01,  -1.65501274e-02,
        -1.77203253e-01,  -2.19298109e-01,  -2.22033948e-01,
        -2.27089524e-01,  -2.48381291e-02,  -2.28398204e-01,
        -2.36603737e-01,  -2.25083664e-01,  -2.19849467e-01,
         7.68133998e-02,  -2.14977294e-01,  -1.24212094e-01,
        -2.26533055e-01,  -2.24376008e-01,  -8.77140313e-02,
        -2.35920757e-01,  -1.07938543e-01,  -2.24572316e-01,
        -2.18924537e-01,  -2.37429943e-02,  -7.28438273e-02,
        -2.18194842e-01,  -2.31963992e-01,   3.13441426e-01,
        -2.13874310e-01,   3.50801880e-03,  -2.43329525e-01,
        -2.14381173e-01,  -2.21708655e-01,  -9.30234715e-02,
        -6.21973909e-02,  -2.28304461e-01,  -2.42613003e-01,
        -2.18201801e-01,  -2.91799530e-02,   6.08702339e-02,
        -2.38579944e-01,  -2.17770562e-01,  -2.17550337e-01,
        -3.77349816e-02,  -1.41200805e-02,   6.49573561e-03,
        -7.54718482e-02,  -2.20919698e-01,  -2.25613281e-01,
        -2.22009316e-01,  -2.23692611e-01,   4.59758146e-03,
        -2.24865377e-01,   1.12504423e-01,  -2.14525744e-01,
        -3.03536385e-01,  -1.52525783e-01,   1.25087395e-01,
        -1.14457965e-01,   4.55092266e-02,   9.62145403e-02,
        -2.28581592e-01,  -2.17366368e-01,  -2.25029051e-01,
        -5.51034249e-02,  -2.19869196e-01,  -2.29683399e-01,
        -2.24111900e-01,  -2.32988581e-01,  -2.20566228e-01,
        -1.82009086e-01,  -2.15947315e-01,  -2.20154688e-01,
        -1.93362787e-01,  -2.31643274e-01,  -2.29386687e-01,
        -2.25292653e-01,  -2.18557090e-01,  -2.14340940e-01,
        -2.30007082e-01,  -2.29341641e-01,  -2.19288051e-01,
        -2.11757392e-01,  -2.23169908e-01,  -2.28261471e-01,
        -2.20465109e-01,  -2.21368909e-01,  -2.27600873e-01,
        -2.26402506e-01,  -2.16287166e-01,  -2.18848243e-01,
        -2.24102825e-01,  -2.08114520e-01,  -2.11684078e-01,
        -2.28695795e-01,  -2.61709616e-02,  -2.11201817e-01,
        -2.26402313e-01,  -1.26234815e-01,  -4.66060191e-02,
        -2.22637057e-01,  -2.27594897e-01,  -2.26917401e-01,
        -2.26750657e-01,  -2.33855247e-01,  -3.02336030e-02,
        -2.15729356e-01,  -2.17455596e-01,  -2.26525739e-01,
        -2.26098433e-01,  -2.39529639e-01,  -2.19246984e-01,
        -2.22406849e-01,  -2.21459761e-01,  -1.80514663e-01,
        -2.23544583e-01,  -4.59183641e-02,  -2.27114871e-01,
        -2.21448600e-01,  -2.27451846e-01,  -1.27312347e-01,
        -2.19308019e-01,  -2.27223709e-01,  -3.70083330e-03,
        -2.30962619e-01,  -2.25794047e-01,  -2.39490122e-02,
        -1.11588776e-01,  -2.18105093e-01,  -2.17658281e-01,
        -2.22381264e-01,  -2.29063362e-01,  -2.28523165e-01,
         9.89559442e-02,  -2.28747517e-01,  -2.20329165e-01,
        -2.39153370e-01,  -2.18918160e-01,  -2.79330194e-01,
        -2.30712041e-01,  -1.17594659e-01,  -1.56178668e-01,
        -2.24413350e-01,  -2.15074927e-01,   1.32293524e-02,
        -2.23385915e-01,  -2.05006406e-01,  -2.30512083e-01,
        -2.21937969e-01,   1.11014366e-01,  -2.13430345e-01,
        -2.19687194e-01,  -2.35678539e-01,   2.41155992e-03,
        -2.21238211e-01,  -1.50736094e-01,  -2.18770579e-01,
        -2.28604272e-01,  -2.12029994e-01,   9.10726041e-02,
        -2.24615023e-01,  -2.25993395e-01,  -2.22820252e-01,
        -9.74120758e-03,  -2.16802344e-01,  -2.13020414e-01,
        -2.32614234e-01,  -2.28583276e-01,  -8.81942287e-02,
        -2.18032822e-01,  -2.14866057e-01,  -2.24375576e-01,
        -2.22702771e-01,  -2.13884547e-01,  -2.24835604e-01,
        -2.27734789e-01,  -2.26129383e-01,  -2.17038199e-01,
        -2.32928574e-01,  -2.24208564e-01,  -2.18081415e-01,
        -2.20876768e-01,  -2.34652683e-01,  -2.16178983e-01,
        -2.22215682e-01,  -2.27823749e-01,  -2.23410740e-01,
        -2.27776706e-01,  -2.22069576e-01,  -2.32957184e-01,
        -2.31799245e-01,  -2.25190341e-01,  -2.28949815e-01,
        -2.16333300e-01,  -3.11961919e-02,  -8.96684974e-02,
        -1.16608768e-04,  -9.43220332e-02,  -2.18399435e-01,
        -8.59936103e-02,   2.69526821e-02,   1.35175213e-01,
        -2.15123758e-01,   1.12834476e-01,  -2.04460189e-01,
        -2.23336697e-01,  -2.14024499e-01,  -5.13010733e-02,
        -2.25198433e-01,   2.70607680e-01,  -1.83381915e-01,
         1.26294181e-01,  -2.33509615e-01,   1.33030504e-01,
        -2.20264658e-01,  -1.22979939e-01,  -3.04367905e-03,
        -1.93091288e-01,  -2.35400870e-01,  -1.26333416e-01,
         7.73015544e-02,  -2.19229311e-01,  -2.09108070e-01,
        -2.31269896e-01,  -2.24136680e-01,  -6.38229474e-02,
        -1.46722913e-01,  -2.53385633e-01,  -1.04876637e-01,
        -2.22823322e-01,  -2.20046163e-01,  -2.17974186e-01,
        -2.23542720e-01,  -4.58850600e-02,  -2.21687093e-01,
        -2.37660602e-01,  -2.30286196e-01,  -7.38580152e-02,
        -2.27551743e-01,  -1.72042280e-01,   1.44913599e-01,
        -2.32338265e-01,  -2.28119984e-01,  -1.49642795e-01,
         9.03391838e-02,   4.48859893e-02,  -2.31074661e-01,
        -2.24264175e-01,  -9.31506231e-02,  -2.12957218e-01,
        -2.14750931e-01,  -2.22239375e-01,  -2.23678857e-01,
        -2.30847791e-01,  -8.17482248e-02,  -7.22681135e-02,
        -2.23986819e-01,   3.10483184e-02,  -2.29504511e-01,
        -7.08135292e-02,  -2.20916852e-01,  -2.35962033e-01,
        -2.18793914e-01,  -1.24588862e-01,  -1.51875950e-02,
        -2.26091921e-01,  -1.87892318e-01,  -2.30944246e-01,
        -2.65570551e-01,  -2.33870968e-01,  -2.35463694e-01,
        -2.41066292e-01,  -2.31639132e-01,  -2.25178868e-01,
        -2.26115555e-01,  -2.22356349e-01,  -2.21986607e-01,
        -2.19910935e-01,  -2.24838704e-01,  -2.28304997e-01,
        -2.23084614e-01,  -2.14492306e-01,  -2.18856245e-01,
        -2.25510344e-01,  -2.33814999e-01,  -2.31819212e-01,
        -2.22122744e-01,  -2.28846177e-01,  -2.24346668e-01,
        -2.27973178e-01,  -2.23092243e-01,  -2.24071518e-01,
        -2.14649633e-01,  -1.09459192e-01,   3.47812176e-02,
        -1.25290260e-01,  -4.68211547e-02,  -7.23271444e-02,
        -1.94929481e-01,  -7.06877485e-02,  -2.18078971e-01,
        -2.44656369e-01,  -2.26428136e-01,  -6.65204450e-02,
        -2.24502578e-01,  -2.25036860e-01,  -9.12463292e-02,
        -2.09062815e-01,   4.87144031e-02,  -2.18088746e-01,
        -2.19517142e-01,  -2.28603527e-01,  -2.39813954e-01,
         3.01129483e-02,  -2.17248619e-01,  -9.64470282e-02,
        -2.42246374e-01,  -1.51733756e-02,   4.57703173e-02,
        -1.79650739e-01,  -2.12939352e-01,  -2.22741663e-01,
        -2.31577829e-01,  -2.17928827e-01,  -1.89317781e-02,
        -2.24776402e-01,   6.71080425e-02,  -2.38544166e-01,
        -5.54802045e-02,  -2.15823337e-01,  -2.25666255e-01,
        -2.29522303e-01,  -2.15206504e-01,   8.07080977e-03,
        -1.33995235e-01,  -8.86334330e-02,  -2.31030256e-01,
        -2.35120982e-01,  -2.11634964e-01,  -1.70299858e-01,
        -1.16667010e-01,  -2.06045017e-01,  -2.05501601e-01,
        -1.07153125e-01,  -2.23281696e-01,  -2.31793717e-01,
        -2.27879092e-01,  -1.91482648e-01,  -1.78554058e-01,
         1.29355192e-01,  -2.03202784e-01,  -2.23410264e-01,
        -2.17488676e-01,  -2.19428748e-01,  -4.02212515e-02,
        -2.23612145e-01,  -2.29962960e-01,  -5.71103655e-02,
        -2.24249080e-01,  -1.38697922e-01,  -2.28614584e-01,
        -2.21067131e-01,  -2.16587260e-01,  -2.24337205e-01,
        -2.22455919e-01,  -8.08308497e-02,  -4.68917526e-02,
        -5.45254983e-02,  -2.25958273e-01,  -2.10930005e-01,
        -2.19322741e-01,  -2.17177331e-01,  -2.39719614e-01,
        -2.20675007e-01,  -1.14796378e-01,  -1.11660615e-01,
        -2.28719249e-01,  -2.11339101e-01,  -2.21411735e-01,
        -2.26047054e-01,  -2.27598399e-01], dtype=float32)]

